kinematics:
  shoulder:
    x: 0
    y: 0
    z: 0.1627551945897884
    roll: -0
    pitch: 0
    yaw: -9.038883114209639e-09
  upper_arm:
    x: 0.0001993782758142025
    y: 0
    z: 0
    roll: 1.571303677114131
    pitch: 0
    yaw: 2.916885572750546e-06
  forearm:
    x: -0.4251556237919162
    y: 0
    z: 0
    roll: 0.002340997121637976
    pitch: -0.0003599771091141152
    yaw: 1.101971636796414e-05
  wrist_1:
    x: -0.3927520054791457
    y: -0.0006907909105363658
    z: 0.1329094364583883
    roll: 0.005197408918486555
    pitch: -0.001863546291810377
    yaw: -3.770550904632925e-06
  wrist_2:
    x: 2.114375942420216e-05
    y: -0.09962851285820924
    z: -2.549075168684529e-05
    roll: 1.57105218478574
    pitch: 0
    yaw: 2.910303367639018e-06
  wrist_3:
    x: 4.524532181434722e-05
    y: 0.09956609024987309
    z: 0.00017826418445191
    roll: 1.572586735492531
    pitch: 3.141592653589793
    yaw: 3.141592531593331
  hash: calib_4536744793100020071